lastAccountName: Test2
timestamps:
  login: 1587270771485
  lastteleport: 1587269905974
  command-cooldowns:
  - pattern: .*( .*)?
    expiry: 1587259755750
  logout: 1587271620651
ipAddress: 127.0.0.1
lastlocation:
  world: world_nether
  x: 26.5
  y: 44.0
  z: 52.5
  yaw: -359.69833
  pitch: 5.850145
logoutlocation:
  world: world
  x: 109.85880937432822
  y: 31.0
  z: -106.13982030694369
  yaw: 193.56985
  pitch: 22.317465
money: '334.65'
afk: false
