lastAccountName: Test4
timestamps:
  login: 1587450390285
  command-cooldowns:
  - pattern: .*( .*)?
    expiry: 1587450401654
  lastteleport: 1587445187105
  logout: 1587450398819
ipAddress: 127.0.0.1
lastlocation:
  world: kuangjie
  x: 33.71156187663236
  y: 67.0
  z: -121.96313163535383
  yaw: 96.44824
  pitch: 25.350021
money: '10299.0'
afk: false
logoutlocation:
  world: world
  x: 90.218757243066
  y: 26.0
  z: -110.5692227879758
  yaw: -241.28493
  pitch: 10.467476
