spawns: 
  default: 
    world: world
    x: 107.55708691620322
    y: 31.0
    z: -107.41721523924285
    yaw: -359.33057
    pitch: 3.1174965
