world: world
x: 178.5849320210067
y: 19.0
z: -99.47461361363558
yaw: 269.69778
pitch: 1.04998
name: cj
lastowner: 9754b8e3-52ad-3c33-b44a-a5ed356ad6f2
