world: world_nether
x: 26.5
y: 44.0
z: 52.5
yaw: -359.69833
pitch: 5.850145
name: dy
lastowner: 444cf323-978c-3e83-9288-612345bfec67
