world: world
x: 88.41231635562889
y: 25.5
z: -113.762931775735
yaw: -0.9807434
pitch: 8.0675
name: fb
lastowner: 9754b8e3-52ad-3c33-b44a-a5ed356ad6f2
