world: world
x: 140.58882034802025
y: 15.5
z: -60.469109146285604
yaw: -90.17285
pitch: 4.200883
name: fish
lastowner: 9754b8e3-52ad-3c33-b44a-a5ed356ad6f2
