world: kuangjie
x: 33.397785811093655
y: 67.0
z: -122.59052899337428
yaw: 89.39899
pitch: 4.350001
name: kj
lastowner: 444cf323-978c-3e83-9288-612345bfec67
