world: world_the_end
x: -89.5
y: 58.0
z: -38.5
yaw: -89.84843
pitch: 2.8500066
name: md
lastowner: 444cf323-978c-3e83-9288-612345bfec67
