world: world
x: 106.55554159058177
y: 29.5
z: -71.63663953450181
yaw: -358.8763
pitch: 8.817614
name: pet
lastowner: 9754b8e3-52ad-3c33-b44a-a5ed356ad6f2
