world: shengcun
x: -383.5
y: 70.0
z: -158.5
yaw: 0.4539899
pitch: 4.949981
name: sc
lastowner: 444cf323-978c-3e83-9288-612345bfec67
