world: world
x: 20.44591847350151
y: 18.0
z: -78.54210567526343
yaw: -269.42352
pitch: 3.3007917
name: shop
lastowner: 9754b8e3-52ad-3c33-b44a-a5ed356ad6f2
