world: world
x: 107.07981172426219
y: 31.0
z: -107.50229213877532
yaw: -359.33057
pitch: 3.1174965
name: zc
lastowner: 444cf323-978c-3e83-9288-612345bfec67
